# tank_side
#x y z Px Py Pz t PDGid EventID TrackID ParentID Weight Edep VisibleEdep Ntracks
-102.786 -227.893 827.459 -0.133813 -0.293297 -0.149149 4.08227 12 1 1002 1001 1 0 0 1 
243.343 57.3088 859.607 23.8264 5.67672 -8.21128 35.0546 2112 1 1008 1 1 0 0 1 
-132.697 211.876 964.97 -17.7702 28.2409 2.85488 26.8328 2112 1 1009 1 1 0 0 1 
-31.1635 -248.05 1099.59 -4.17089 -32.1204 20.2964 27.3447 2112 1 1010 1 1 0 0 1 
-229.725 -98.6221 907.574 -41.5471 -17.6819 -6.40263 20.5881 2112 1 1011 1 1 0 0 1 
202.768 146.237 865.693 40.0304 29.0974 -15.3623 18.9855 2112 1 1012 1 1 0 0 1 
-162.485 189.997 1043.5 -36.0171 41.6791 22.0034 17.552 2112 1 1013 1 1 0 0 1 
-184.613 168.576 1160.57 -674.335 616.378 896.257 5.14201 1000010020 2 1010 1 1 4.62041e-25 4.62041e-25 1 
-245.931 -44.9202 874.893 -33.7184 -6.16092 -5.56563 25.9314 2112 2 1011 1 1 0 0 1 
196.317 -154.789 847.674 43.2551 -34.0757 -14.9242 17.3326 2112 2 1013 1 1 0 0 1 
-142.294 205.554 905.085 -33.4368 48.357 -2.44098 16.42 2112 2 1015 1 1 0 0 1 
129.203 -214.025 976.957 31.9511 -52.8611 15.1894 15.7883 2112 2 1016 1 1 0 0 1 
-146.903 202.286 1047.31 -35.9031 49.4935 32.2568 15.9156 2112 2 1017 1 1 0 0 1 
111.502 -223.757 899.412 11.2305 -22.5415 -1.80504 33.9432 2112 2 1020 1018 1 0 0 1 
-168.246 -184.914 1010.3 -50.4814 -55.5296 28.4809 13.5447 2112 2 1022 1 1 0 0 1 
-247.714 -33.732 1031.01 -76.5473 -10.4263 35.7284 13.2481 2112 2 1023 1 1 0 0 1 
147.812 201.622 1121.79 42.7423 58.2455 59.5998 13.974 2112 2 1024 1 1 0 0 1 
217.28 -123.65 913.866 83.6606 -47.5711 -0.613721 11.2589 2112 2 1025 1 1 0 0 1 
7.1264 249.898 887.493 2.81668 96.6873 -10.8206 11.215 2112 2 1026 1 1 0 0 1 
-212.329 131.972 830.584 -78.5987 48.8926 -31.4423 11.5768 2112 2 1027 1 1 0 0 1 
241.739 63.7371 844.529 94.1395 24.7756 -27.6308 11.1767 2112 2 1029 1 1 0 0 1 
34.4434 -247.616 1122.45 3.73265 -21.5706 19.0734 38.9382 2112 2 1036 1034 1 0 0 1 
-106.288 -226.281 908.768 -57.5254 -122.639 -3.6278 8.91283 2112 2 1039 1 1 0 0 1 
-208.667 137.689 920.701 -133.548 88.1949 3.35601 8.03457 2112 2 1043 1 1 0 0 1 
-201.238 148.335 952.441 -129.143 95.2737 23.7497 8.02281 2112 2 1044 1 1 0 0 1 
141.697 -205.966 1102.46 75.7222 -109.941 99.8252 9.03356 2112 2 1047 1 1 0 0 1 
241.856 -63.2918 1022.98 167.376 -43.7644 74.3573 7.69241 2112 2 1053 1 1 0 0 1 
-5.65472 -249.936 992.956 -6.28566 -285.585 88.5518 5.94904 2112 2 1057 1 1 0 0 1 
196.154 154.995 833.667 234.847 185.571 -98.1181 5.83255 2112 2 1058 1 1 0 0 1 
24.5958 248.787 921.252 33.7936 339.714 7.90582 5.51296 2112 2 1059 1 1 0 0 1 
185.358 -167.757 858.28 226.058 -204.245 -70.197 5.77324 2212 2 1061 1 1 9.80663e-25 9.80663e-25 1 
-216.65 124.751 1003.74 -327.31 188.623 133.471 5.32425 2112 2 1062 1 1 0 0 1 
-239.437 -71.9031 1025.05 -362.076 -108.783 165.82 5.333 2112 2 1063 1 1 0 0 1 
-246.215 -43.3391 1014.83 -478.508 -84.256 193.249 4.91509 2112 2 1064 1 1 0 0 1 
-168.905 -184.312 1143.95 -247.614 -270.59 335.295 5.48265 2212 2 1065 1 1 6.28453e-25 6.28453e-25 1 
111.546 223.735 1163.59 206.006 412.653 457.612 5.13676 2112 2 1067 1 1 0 0 1 
249.091 21.3021 994.79 617.553 52.8114 196.553 4.60896 2112 2 1068 1 1 0 0 1 
246.892 39.2994 1144.55 568.401 90.2576 526.852 4.84175 2112 2 1071 1 1 0 0 1 
-90.4806 -233.052 873.473 -317.64 -819.5 -147.655 4.29909 2112 2 1072 1 1 0 0 1 
-247.484 35.3822 1183.43 -611.271 87.301 662.076 4.83059 2212 2 1073 1 1 3.30909e-25 3.30909e-25 1 
-203.503 145.212 830.292 -6.20215 4.35557 -2.6842 108.022 2112 2 1076 1074 1 0 0 1 
-233.227 90.0288 1094.93 -40.4257 15.6715 29.6101 21.1874 2112 2 1078 1074 1 0 0 1 
-97.1804 230.339 923.001 -33.0408 78.7485 -0.486314 12.326 2112 2 1082 1074 1 0 0 1 
148.647 201.007 1011.88 63.9331 86.2836 37.5016 10.4746 2112 2 1083 1074 1 0 0 1 
-243.788 -55.3839 896.093 -148.571 -33.686 -17.2984 8.31364 2112 2 1084 1074 1 0 0 1 
160.088 192.02 895.573 180.931 216.653 -32.5177 6.01763 2112 2 1087 1074 1 0 0 1 
233.084 -90.3993 967.416 257.793 -99.5788 47.4708 6.06406 2212 2 1088 1074 1 1.16292e-24 1.16292e-24 1 
-240.107 69.6324 1152.8 -277.663 80.9185 264.585 6.04355 2112 2 1089 1074 1 0 0 1 
-107.794 225.567 909.348 -7.92728 16.1893 0.884413 46.5401 2112 3 1018 1 1 0 0 1 
164.065 188.634 881.246 27.1647 31.5506 -2.65642 21.6912 2112 3 1019 1 1 0 0 1 
171.734 -181.679 814.82 30.8782 -33.2441 -14.9882 20.2293 2112 3 1020 1 1 0 0 1 
239.335 -72.2408 839.824 69.462 -21.3872 -16.7739 13.7376 2112 3 1024 1 1 0 0 1 
126.843 -215.432 926.864 42.3138 -73.4425 10.1235 12.2721 2112 3 1025 1 1 0 0 1 
-31.4624 -248.012 1002.01 -10.9088 -80.3886 33.9126 12.7495 2112 3 1027 1 1 0 0 1 
-51.5023 -244.638 851.194 -20.3895 -93.0028 -17.386 11.3217 2112 3 1028 1 1 0 0 1 
-249.718 11.8607 1108.85 -77.9665 3.43932 65.5211 13.1988 2112 3 1029 1 1 0 0 1 
-126.267 215.77 917.265 -55.6039 93.001 8.73627 10.3036 2112 3 1032 1 1 0 0 1 
247.5 35.2649 1073.13 88.8409 12.5074 63.7888 11.7183 2112 3 1034 1 1 0 0 1 
17.4414 -249.391 880.504 7.55694 -124.79 -8.26268 9.34654 2112 3 1037 1 1 0 0 1 
-249.503 15.7481 1131.81 -96.2335 5.73448 89.715 11.2895 2112 3 1043 1 1 0 0 1 
248.971 -22.6572 1121.47 104.186 -9.88359 94.7787 10.5128 2112 3 1046 1 1 0 0 1 
-249.958 4.59825 885.373 -166.924 2.55068 -7.73766 7.81939 2112 3 1052 1 1 0 0 1 
178.942 -174.584 1045.23 108.851 -108.037 91.3007 8.18596 2112 3 1053 1 1 0 0 1 
-188.404 164.328 1030.22 -124.33 106.652 86.8112 7.9087 2112 3 1055 1 1 0 0 1 
239.527 -71.6001 919.84 187.163 -57.075 17.968 7.06737 2112 3 1057 1 1 0 0 1 
244.994 -49.7789 1039.55 166.985 -34.7611 98.0353 7.66282 2112 3 1058 1 1 0 0 1 
111.652 223.682 1079.66 6.59484 9.41147 1.25166 123.788 2112 3 1064 1062 1 0 0 1 
-236.829 80.0763 1071.43 -108.539 35.644 79.7412 4.45498 211 3 1068 1 1 2.66813e-25 2.66813e-25 1 
-214.514 128.389 989.132 -131.474 87.5098 53.5692 4.14879 -211 3 1070 1 1 1.99527e-25 1.99527e-25 1 
37.9176 -247.108 1087.75 57.9749 -403.361 310.331 5.2023 2112 3 1072 1 1 0 0 1 
121.317 -218.592 976.081 246.66 -454.545 163.75 4.75516 2112 3 1073 1 1 0 0 1 
46.5532 245.627 1039.15 86.1411 476.614 276.54 4.88154 2112 3 1074 1 1 0 0 1 
173.407 -180.083 1097.85 170.905 -185.937 192.42 4.19686 -211 3 1078 1076 1 1.78389e-25 1.78389e-25 1 
242.586 60.4306 1111.95 621.146 154.288 555.455 4.64162 2112 3 1079 1 1 0 0 1 
-186.756 166.2 898.553 -333.242 291.903 2.01884 3.88747 -211 3 1080 1 1 1.35651e-25 1.35651e-25 1 
74.3969 238.674 1110.34 213.257 703.066 630.22 4.53053 2212 3 1084 1 1 2.80017e-25 2.80017e-25 1 
221.518 -115.887 875.615 40.4439 -21.2409 -9.07883 20.3132 2112 4 1010 1 1 0 0 1 
-186.653 166.315 814.362 -33.0945 29.4266 -19.7189 20.7767 2112 4 1011 1 1 0 0 1 
17.1244 -249.413 1140.88 2.98198 -42.8212 36.9046 21.4358 2112 4 1012 1 1 0 0 1 
-103.086 227.757 1067.46 -21.7579 48.0778 30.0668 17.9425 2112 4 1014 1 1 0 0 1 
-211.126 133.887 1051.04 -48.44 30.6213 28.8648 16.7773 2112 4 1016 1 1 0 0 1 
-55.8561 243.68 929.387 -14.5725 63.7436 1.04399 15.0842 2112 4 1018 1 1 0 0 1 
-245.217 48.671 943.799 -86.5612 16.9874 6.50017 12.0113 2112 4 1022 1 1 0 0 1 
-221.614 115.704 827.944 -79.1479 41.1603 -34.8531 11.9135 2112 4 1023 1 1 0 0 1 
120.862 218.843 863.239 46.3641 83.4475 -23.9757 11.3445 2112 4 1026 1 1 0 0 1 
249.99 -2.22643 952.603 103.077 -1.16579 11.2014 10.7599 2112 4 1028 1 1 0 0 1 
7.76962 249.879 951.125 3.42147 105.871 10.923 10.5303 2112 4 1029 1 1 0 0 1 
214.736 -128.018 828.934 89.1392 -53.3212 -39.9933 10.7168 2112 4 1030 1 1 0 0 1 
-208.626 -137.751 1029.44 -71.5698 -14.3261 87.5279 11.4302 2112 4 1031 1 1 0 0 1 
-231.71 93.8636 860.228 -106.073 42.7453 -29.874 9.99565 2112 4 1033 1 1 0 0 1 
18.6338 -249.305 921.056 9.04601 -119.485 -2.07985 9.71213 2112 4 1034 1 1 0 0 1 
-217.468 -123.32 953.832 -111.832 -63.8116 14.6374 9.24798 2112 4 1035 1 1 0 0 1 
-191.038 -161.26 1146.33 -76.9808 -65.3228 89.1582 10.9494 2112 4 1036 1 1 0 0 1 
-179.532 -173.978 850.193 -109.769 -106.913 -46.0599 8.29529 2112 4 1043 1 1 0 0 1 
-238.781 -74.0516 953.319 -30.3604 -4.84103 -2.72609 1063.82 12 4 1054 1052 1 0 0 1 
-245.855 45.336 921.863 -16.9811 23.0911 -8.12419 8.23496 14 4 1056 1051 1 0 0 1 
230.706 96.3047 948.889 234.607 97.198 23.8506 6.30135 2112 4 1057 1 1 0 0 1 
184.756 -168.419 885.182 328.268 -299.849 -71.3575 5.0629 2112 4 1059 1 1 0 0 1 
244.08 54.0847 963.457 382.975 82.6951 60.2482 5.2672 2212 4 1061 1 1 6.59338e-25 6.59338e-25 1 
-249.285 18.892 951.956 -633.551 46.5314 67.5534 4.59336 2112 4 1063 1 1 0 0 1 
-229.024 -100.24 1069.71 -559.607 -246.716 353.048 4.70637 2112 4 1065 1 1 0 0 1 
-21.0341 249.114 1179.58 -71.2203 761.499 792.464 4.66489 2212 4 1072 1071 1 2.76039e-25 2.76039e-25 1 
-84.3604 -235.337 1179.49 -93.4968 -314.173 122.942 8.44158 2212 4 1075 1073 1 8.49085e-25 8.49085e-25 1 
55.7056 243.715 1002.6 129.298 516.009 -102.126 4.34985 2112 4 1076 1073 1 0 0 1 
-231.624 94.0759 865.253 -38.6822 15.9365 -4.63221 21.7462 2112 5 1006 1004 1 0 0 1 
-249.947 5.13793 809.297 -31.5213 0.437861 -13.8819 28.2905 2112 5 1017 1015 1 0 0 1 
192.7 -159.27 871.046 49.2699 -41.6959 -12.8171 15.2901 2112 5 1020 1015 1 0 0 1 
50.4007 244.867 969.834 19.7194 100.286 20.3382 10.8145 2112 5 1021 1015 1 0 0 1 
135.457 -210.122 1020.29 39.0503 -62.2268 29.3219 13.8692 2112 5 1023 1015 1 0 0 1 
-184.814 168.356 824.918 -66.8739 59.5007 -34.1131 11.9939 2112 5 1025 1015 1 0 0 1 
-0.53543 -249.999 995.788 -3.28686 -266.092 79.6092 6.25675 2112 5 1026 1015 1 0 0 1 
67.331 -240.762 1121.51 75.263 -281.712 233.612 6.0683 2112 5 1028 1015 1 0 0 1 
142.622 205.327 838.632 136.826 199.009 -79.9895 6.48973 2112 5 1029 1015 1 0 0 1 
227.71 103.189 908.984 88.851 40.4185 6.46199 11.1698 2112 5 1033 1030 1 0 0 1 
236.394 -81.35 969.943 32.5931 -11.0502 10.6702 25.7934 2112 5 1043 1037 1 0 0 1 
-181.747 -171.662 861.431 -42.9539 -41.1239 -8.9202 16.3168 2112 5 1048 1 1 0 0 1 
234.759 -85.9535 853.251 69.3513 -24.9821 -11.6185 13.6892 2112 5 1053 1 1 0 0 1 
249.98 3.17639 974.689 78.353 1.33192 25.7612 13.0527 2112 5 1055 1 1 0 0 1 
245.35 47.9956 1023.08 33.5475 46.4705 9.02118 17.3232 2112 5 1058 1056 1 0 0 1 
224.499 110.001 805.362 77.5287 38.2677 -29.9557 12.1337 2112 5 1060 1 1 0 0 1 
249.442 -16.6943 917.168 102.018 -6.37091 10.141 10.7188 2112 5 1063 1 1 0 0 1 
169.579 183.693 871.729 71.7865 77.9657 -8.68736 10.4679 2112 5 1065 1 1 0 0 1 
35.2845 -247.497 864.359 15.2216 -104.664 -11.8754 10.4187 2112 5 1066 1 1 0 0 1 
-216.271 -125.407 1039.56 -79.9282 -46.0647 54.5563 11.5065 2112 5 1067 1 1 0 0 1 
249.628 13.624 802.489 101.936 5.99209 -36.6005 10.736 2112 5 1068 1 1 0 0 1 
86.172 234.679 1087.5 31.1529 84.6896 70.1144 11.7821 2112 5 1072 1 1 0 0 1 
-132.204 212.184 1009.27 -57.8417 93.6991 51.3813 10.1858 2112 5 1076 1 1 0 0 1 
-187.491 -165.369 1159.02 -64.5816 -56.756 92.1359 12.1463 2112 5 1078 1 1 0 0 1 
-19.6497 249.227 1029.85 -9.51681 124.737 68.5358 9.35408 2112 5 1084 1 1 0 0 1 
-236.764 80.268 1095.98 -108.148 37.2457 93.2471 9.92219 2112 5 1085 1 1 0 0 1 
6.32217 -249.92 1019.2 3.73622 -135.241 68.9583 8.83428 2112 5 1088 1 1 0 0 1 
99.7917 229.22 1022.48 55.2434 126.79 71.6572 8.76346 2112 5 1090 1 1 0 0 1 
248.209 29.8739 813.031 148.323 18.4577 -47.2748 8.32189 2112 5 1091 1 1 0 0 1 
236.451 -81.1843 843.203 165.003 -55.7673 -34.1936 7.57427 2112 5 1096 1 1 0 0 1 
116.22 -221.343 1065.87 77.1715 -145.564 114.692 7.84228 2112 5 1100 1 1 0 0 1 
-45.248 245.871 1024.68 -1.02198 196.127 101.325 7.15254 2112 5 1104 1 1 0 0 1 
-231.671 93.9609 862.31 -219.645 90.3252 -28.5185 6.39588 2112 5 1106 1 1 0 0 1 
95.281 -231.131 991.834 103.159 -247.635 107.124 6.03894 2112 5 1108 1 1 0 0 1 
228.745 -100.875 998.383 93.5857 -40.6059 42.8264 4.45083 -211 5 1109 1 1 2.98808e-25 2.98808e-25 1 
-116.629 -221.128 1011.15 -139.752 -264.926 143.066 5.75375 2112 5 1110 1 1 0 0 1 
-227.722 -103.163 968.657 -316.491 -142.218 106.355 5.40442 2112 5 1111 1 1 0 0 1 
-248.69 -25.564 1075.06 -304.253 -30.018 224.074 5.74914 2112 5 1112 1 1 0 0 1 
249.055 -21.7156 819.12 377.987 -31.2454 -110.845 5.2381 2112 5 1113 1 1 0 0 1 
247.83 -32.8688 882.454 398.781 -51.0334 -15.837 5.11644 2112 5 1114 1 1 0 0 1 
247.711 -33.7536 841.393 467.4 -61.5093 -95.8745 4.86312 2112 5 1117 1 1 0 0 1 
-148.152 201.373 844.116 -225.276 304.944 -74.5855 5.21503 2212 5 1118 1 1 6.91492e-25 6.91492e-25 1 
235.198 -84.7452 989.08 542.598 -192.556 222.706 4.62224 2112 5 1122 1 1 0 0 1 
-244.95 -49.9949 1022.61 -773.998 -155.02 412.593 4.35532 2212 5 1123 1 1 2.58563e-25 2.58563e-25 1 
-125.812 -216.036 931.022 -19.547 -30.7725 -13.7021 25.7007 2112 6 1002 1 1 0 0 1 
-237.789 -77.1775 1185.81 -43.6888 -14.3333 28.5194 20.461 2112 6 1004 1 1 0 0 1 
79.2001 -237.123 1169.63 22.6687 -67 38.9969 14.6133 2112 6 1005 1 1 0 0 1 
28.1524 248.41 980.742 10.2652 86.7783 -17.7123 12.4549 2112 6 1007 1 1 0 0 1 
215.255 -127.142 901.739 76.3132 -44.9874 -45.7012 12.3979 2112 6 1008 1 1 0 0 1 
195.239 -156.147 979.364 69.0677 -54.5604 9.4314 12.2737 2112 7 1020 1017 1 0 0 1 
86.5306 234.547 967.963 24.4477 68.178 4.32651 14.3886 2112 7 1023 1017 1 0 0 1 
6.09859 249.926 1157.2 2.66561 142.101 114.792 9.11934 2112 7 1025 1017 1 0 0 1 
-61.3625 -242.352 1162.42 -10.4924 -43.1546 47.3643 20.6073 2112 7 1036 1 1 0 0 1 
0.79285 249.999 823.751 1.17783 64.9816 -17.6621 15.6223 2112 7 1037 1 1 0 0 1 
-157.534 194.122 957.952 -44.4728 55.8932 17.4647 13.9617 2112 7 1038 1 1 0 0 1 
95.598 231 839.387 31.4462 74.18 -18.4849 12.8326 2112 7 1040 1 1 0 0 1 
-125.402 216.274 845.182 -41.6854 73.6155 -17.6229 12.2817 2112 7 1041 1 1 0 0 1 
-243.958 -54.6316 1172.65 -60.2867 -13.4918 68.8225 15.6178 2112 7 1042 1 1 0 0 1 
215.072 127.452 809.718 91.5246 53.8511 -36.7449 10.5155 2112 7 1047 1 1 0 0 1 
7.2779 249.894 971.428 12.9252 115.418 -46.59 9.98078 2112 7 1052 1 1 0 0 1 
248.979 -22.5672 1044.44 112.161 -9.78776 65.6917 10.1059 2112 7 1055 1 1 0 0 1 
-129.634 213.764 856.987 -16.7773 28.2355 -5.44847 26.7768 2112 7 1059 1057 1 0 0 1 
249.703 12.1816 864.309 51.2966 2.46623 -6.89455 18.4819 2112 7 1060 1057 1 0 0 1 
-228.135 102.248 978.579 -114.986 52.4399 41.5371 9.21792 2112 7 1061 1 1 0 0 1 
203.873 144.693 1018.86 101.295 71.2916 59.7392 9.46498 2112 7 1066 1 1 0 0 1 
246.073 44.1363 937.388 157.518 28.3479 25.5192 8.02953 2112 7 1071 1 1 0 0 1 
-134.423 210.786 819.6 -84.2931 135.165 -49.5543 7.98743 2112 7 1072 1 1 0 0 1 
212.192 132.191 955.449 142.922 88.3733 38.8252 7.79753 2112 7 1077 1 1 0 0 1 
-249.852 8.59734 961.516 -167.812 6.25163 43.7153 7.70504 2112 7 1078 1 1 0 0 1 
134.392 -210.805 826.263 93.5745 -143.587 -48.3931 7.67855 2112 7 1081 1 1 0 0 1 
249.2 19.9847 981.027 100.894 8.11315 32.1963 10.8776 2112 7 1086 1083 1 0 0 1 
-200.563 149.246 878.566 -95.1243 71.9878 -8.87107 9.57275 2212 7 1088 1 1 5.12308e-24 5.12308e-24 1 
145.001 203.653 895.551 114.386 158.315 -1.20277 7.13929 2112 7 1089 1 1 0 0 1 
-53.7729 -244.148 842.146 -40.5472 -192.919 -43.5352 7.05571 2112 7 1090 1 1 0 0 1 
-234.051 -87.8643 1101.91 -149.579 -56.3839 132.35 7.97566 2112 7 1091 1 1 0 0 1 
129.386 -213.914 1084.87 89.5428 -144.722 127.396 7.74502 2112 7 1093 1 1 0 0 1 
178.285 -175.255 1018.47 138.806 -134.024 93.1391 7.19768 2112 7 1094 1 1 0 0 1 
152.86 197.822 873.119 161.359 205.983 -24.8959 6.14421 2112 7 1099 1 1 0 0 1 
-247.335 36.4042 964.434 -29.2185 4.55924 8.01428 29.2013 2112 7 1104 1101 1 0 0 1 
217.691 122.926 1151.24 28.5306 16.0754 32.737 27.3424 2112 7 1105 1101 1 0 0 1 
249.526 15.3813 1170.67 38.7802 -9.44648 56.6618 20.1542 2112 7 1106 1101 1 0 0 1 
85.1357 -235.057 976.549 74.8118 -199.857 67.4062 6.77801 2212 7 1109 1 1 1.7688e-24 1.7688e-24 1 
88.2373 -233.911 1154.89 55.3309 -141.76 156.491 8.28918 2212 7 1110 1 1 2.52572e-24 2.52572e-24 1 
248.956 22.8272 924.187 355.796 33.1567 38.3092 5.38133 2112 7 1111 1 1 0 0 1 
0.973027 249.998 946.544 2.41193 168.821 33.7218 7.68468 2212 7 1112 1 1 2.72293e-24 2.72293e-24 1 
-232.475 91.9528 1081.36 -348.764 140.434 279.532 5.31742 2112 7 1113 1 1 0 0 1 
-249.663 -12.9824 1054.68 -395.966 -19.8215 252.542 5.19571 2112 7 1114 1 1 0 0 1 
138.044 208.432 876.177 272.856 405.593 -40.6009 4.83116 2112 7 1115 1 1 0 0 1 
-225.55 -107.83 990.62 -418.169 -201.085 175.392 4.89865 2112 7 1116 1 1 0 0 1 
-156.739 194.764 1143.38 -223.062 282.718 356.365 5.46967 2112 7 1117 1 1 0 0 1 
237.1 -79.2691 1104.95 404.422 -132.714 350.691 5.1628 2112 7 1118 1 1 0 0 1 
-204.934 -143.185 1133.62 -374.764 -264.055 438.042 5.05047 2112 7 1119 1 1 0 0 1 
181.413 172.015 1121.22 343.083 321.948 417.457 5.02972 2212 7 1120 1 1 4.50857e-25 4.50857e-25 1 
-59.4418 242.831 1006.12 -163.393 753.785 335.031 4.37317 2112 7 1123 1 1 0 0 1 
-27.4584 248.487 1175.34 -26.3331 238.845 150.22 10.0012 1000010020 8 1011 1 1 4.44752e-24 4.44752e-24 1 
-249.823 -9.40095 1059.35 -450.001 -16.7544 73.0245 6.98887 1000010020 8 1018 1 1 1.65187e-24 1.65187e-24 1 
-248.973 -22.6327 808.107 -33.7893 -3.06369 -28.6167 26.5262 2112 8 1021 1 1 0 0 1 
8.98959 -249.838 879.658 1.43767 -39.4485 -21.9873 23.284 2112 8 1022 1 1 0 0 1 
-165.535 187.345 1007.78 -34.071 38.6005 -2.28418 18.657 2112 8 1023 1 1 0 0 1 
90.8835 -232.895 906.077 18.3727 -47.0089 -22.7737 18.9673 2112 8 1024 1 1 0 0 1 
-217.089 -123.985 1062.89 -48.0007 -27.4135 9.73911 17.6099 2112 8 1025 1 1 0 0 1 
-167.444 185.641 1057.36 -40.8892 45.3804 9.40575 16.271 2112 8 1026 1 1 0 0 1 
-51.5619 244.625 1033.67 -5.11083 24.2782 1.56179 35.1586 2112 8 1029 1027 1 0 0 1 
-101.26 -228.575 833.748 -25.3795 -57.3364 -46.4506 15.9511 2112 8 1031 1 1 0 0 1 
186.386 -166.615 1030.75 60.9152 -54.3982 3.8789 13.0493 2112 8 1032 1 1 0 0 1 
-240.32 -68.8933 1040.57 -38.9731 -11.181 3.54943 22.7535 2112 8 1035 1033 1 0 0 1 
209.708 136.097 879.463 30.8079 19.9787 -20.4408 24.7898 2112 8 1036 1033 1 0 0 1 
-115.895 221.514 815.438 -21.1415 40.4542 -37.1221 20.6144 2112 8 1037 1033 1 0 0 1 
-236.906 -79.8478 1164.05 -62.7217 -21.1557 38.5054 15.2906 2112 8 1039 1033 1 0 0 1 
201.089 -148.536 1092.73 67.1834 -49.5959 24.717 12.848 2112 8 1040 1033 1 0 0 1 
193.764 -157.973 901.354 79.3736 -64.671 -48.0332 11.132 2112 8 1041 1033 1 0 0 1 
153.415 -197.393 809.966 90.6615 -116.554 -123.239 8.83871 2112 8 1042 1033 1 0 0 1 
26.0345 -248.641 1006.12 24.323 -231.082 -11.6887 6.8946 2112 8 1043 1033 1 0 0 1 
-206.956 140.248 935.046 -78.696 53.3851 -31.8924 11.702 2112 8 1046 1 1 0 0 1 
249.399 -17.3177 1071.52 45.4364 -3.24982 9.60538 20.6409 2112 8 1049 1047 1 0 0 1 
248.743 25.0342 886.548 93.6706 9.44876 -49.807 11.7971 2112 8 1054 1 1 0 0 1 
82.8281 -235.88 971.394 36.4525 -103.639 -20.8661 10.5988 2112 8 1055 1 1 0 0 1 
57.2152 -243.365 1024.37 26.6131 -112.944 2.55141 10.2202 2112 8 1058 1 1 0 0 1 
49.9695 244.955 813.903 19.2365 94.1125 -78.7275 11.6483 2112 8 1060 1 1 0 0 1 
20.3957 -249.167 1035.4 12.9254 -156.99 10.4182 8.46016 2112 8 1065 1 1 0 0 1 
-19.929 249.204 843.179 -10.6679 134.197 -94.5842 9.3277 2112 8 1066 1 1 0 0 1 
-218.172 122.07 1057.46 -144.668 81.0314 25.5994 8.21621 2112 8 1070 1 1 0 0 1 
123.974 217.096 937.636 83.6271 146.355 -54.7476 8.14998 2112 8 1071 1 1 0 0 1 
-173.723 179.779 1169.62 -80.0837 83.0026 69.5547 10.2691 2212 8 1072 1 1 4.82492e-24 4.82492e-24 1 
-194.524 -157.036 1131.83 -128.373 -103.648 74.5914 8.25121 2112 8 1073 1 1 0 0 1 
-210.237 135.279 840.923 -19.5448 12.6956 -16.3693 37.4925 2112 8 1081 1079 1 0 0 1 
118.347 -220.214 805.899 14.7724 -27.6075 -26.9615 28.2118 2112 8 1082 1079 1 0 0 1 
37.1028 -247.231 1094.82 27.7124 -184.047 56.5539 7.71564 2112 8 1085 1 1 0 0 1 
88.5374 -233.797 1125.53 65.3804 -172.377 78.6632 7.76262 2112 8 1087 1 1 0 0 1 
-9.06024 -249.836 1105.51 -5.06471 -142.014 49.2667 8.99034 2212 8 1088 1 1 3.59059e-24 3.59059e-24 1 
220.611 117.604 1065.75 194.367 103.621 41.2801 7.07641 2112 8 1091 1 1 0 0 1 
234.604 -86.3767 1197.54 179.403 -65.9686 136.562 7.64416 2112 8 1093 1 1 0 0 1 
136.496 209.449 1050.09 105.684 162.046 24.093 7.5492 2212 8 1094 1 1 2.16228e-24 2.16228e-24 1 
-207.587 -139.312 998.85 -14.0235 -9.56471 -1.56103 49.7727 2112 8 1097 1095 1 0 0 1 
-236.456 81.1688 800.849 -13.4708 4.51925 -12.6164 58.3921 2112 8 1098 1095 1 0 0 1 
-6.84549 249.906 1179.35 -1.0162 39.2351 24.9153 23.2941 2112 8 1100 1095 1 0 0 1 
-165.083 187.744 1080.94 -34.7109 39.1593 12.4428 18.3573 2112 8 1101 1095 1 0 0 1 
199.087 151.209 808.103 169.355 128.613 -179.19 7.26191 2112 8 1102 1 1 0 0 1 
-98.8084 229.645 989.328 -127.945 297.792 -38.2983 5.97682 2112 8 1107 1 1 0 0 1 
185.464 -167.64 1063.05 282.634 -255.212 67.2882 5.64279 2112 8 1110 1 1 0 0 1 
48.1552 245.318 843.005 61.8571 314.47 -225.377 6.06724 2112 8 1111 1 1 0 0 1 
-248.941 22.9896 957.897 -396.446 36.7375 -97.1468 5.5636 2112 8 1112 1 1 0 0 1 
72.7775 239.172 976.585 130.146 427.165 -75.5025 5.36608 2112 8 1114 1 1 0 0 1 
-249.869 -8.1073 865.055 -417.713 -13.4448 -257.256 5.53158 2112 8 1115 1 1 0 0 1 
-247.579 34.7085 1115.87 -587.74 82.5965 230.368 5.01146 2112 8 1119 1 1 0 0 1 
61.0555 -242.43 1192.61 131.96 -522.818 374.776 5.18835 2212 8 1120 1 1 3.89203e-25 3.89203e-25 1 
-233.366 89.6672 954.743 -784.684 301.878 -215.731 4.68581 2112 8 1122 1 1 0 0 1 
-114.645 -222.163 924.691 -209.831 -407.56 -172.782 4.34369 211 8 1123 1 1 1.44616e-25 1.44616e-25 1 
0.934633 -249.998 973.323 0.0479214 -17.6232 3.09098 47.4713 2112 9 1010 1 1 0 0 1 
-29.1656 248.293 997.593 -4.13757 35.0078 9.56334 25.4216 2112 9 1012 1 1 0 0 1 
-248.073 -30.9831 1077.44 -31.8608 -3.89216 18.9696 27.5646 2112 9 1013 1 1 0 0 1 
-2.54193 249.987 910.174 -0.514266 46.0573 -3.56767 20.1939 2112 9 1014 1 1 0 0 1 
97.1455 230.354 926.414 21.3093 49.8607 -0.773843 17.7604 2112 9 1015 1 1 0 0 1 
-236.585 -80.7935 1033.92 -68.5615 -23.201 30.2019 13.9822 2112 9 1021 1 1 0 0 1 
-226.929 104.896 931.444 -75.0994 34.8886 0.613433 12.636 2112 9 1022 1 1 0 0 1 
-77.7093 -237.616 818.273 -24.4372 -74.2741 -34.8901 13.1589 2112 9 1023 1 1 0 0 1 
101.462 228.485 994.9 36.0112 81.5309 23.2395 11.9681 2112 9 1024 1 1 0 0 1 
112.428 -223.293 1143.38 10.2264 -20.1232 19.3656 37.7878 2112 9 1030 1028 1 0 0 1 
-210.304 -135.175 963.039 -88.8472 -56.7651 14.1146 10.5929 2112 9 1032 1 1 0 0 1 
215.931 -125.991 1197.42 63.7157 -37.0297 79.1236 13.7967 2112 9 1033 1 1 0 0 1 
229.603 -98.9057 1111.73 96.1931 -41.2119 76.3951 10.6612 2112 9 1038 1 1 0 0 1 
-85.5762 -234.897 1169.45 -33.3235 -90.9447 93.1231 11.2729 2112 9 1039 1 1 0 0 1 
-61.9633 -242.199 894.047 -44.9552 -176.592 -25.6743 7.49371 2112 9 1043 1 1 0 0 1 
-248.954 -22.847 851.642 -186.97 -16.6556 -58.4792 7.38591 2112 9 1044 1 1 0 0 1 
-172.576 -180.88 1071.24 -122.684 -127.937 100.552 7.63582 2112 9 1046 1 1 0 0 1 
-245.029 49.6076 1161.28 -170.204 34.8718 160.768 7.7758 2112 9 1048 1 1 0 0 1 
3.35391 -249.978 1052.24 2.94537 -237.098 116.632 6.54165 2112 9 1049 1 1 0 0 1 
118.101 -220.345 980.568 80.7091 -146.822 32.4653 7.82392 2112 9 1051 1050 1 0 0 1 
119.317 219.69 1081.19 120.334 223.1 153.329 6.35755 2212 9 1054 1 1 1.22102e-24 1.22102e-24 1 
49.5146 -245.048 830.632 69.8752 -346.696 -140.375 5.50166 2112 9 1055 1 1 0 0 1 
-74.5453 238.627 834.962 -117.191 374.868 -148.25 5.3091 2112 9 1057 1 1 0 0 1 
161.288 191.014 896.516 303.636 361.389 -62.3595 4.98141 2112 9 1058 1 1 0 0 1 
-249.986 -2.67788 1090.38 -413.772 -3.35813 265.86 5.25745 2112 9 1059 1 1 0 0 1 
99.962 -229.145 949.111 12.8557 -28.9991 2.46844 27.8402 2112 9 1062 1060 1 0 0 1 
232.284 92.4346 1047.35 30.3636 12.0952 15.2964 27.2611 2112 9 1063 1060 1 0 0 1 
143.883 204.445 1173.83 17.6171 24.8773 29.6198 28.991 2112 9 1064 1060 1 0 0 1 
165.666 187.229 922.974 41.797 47.0152 -1.67313 15.6801 2112 9 1068 1060 1 0 0 1 
-249.695 12.3529 885.107 -80.7926 4.2233 -14.4937 12.7996 2112 9 1070 1060 1 0 0 1 
-198.431 152.069 1054.74 -73.5946 57.019 46.7069 11.5737 2112 9 1071 1060 1 0 0 1 
-225.707 -107.5 854.143 -224.602 -106.983 -75.5958 6.37734 2112 9 1072 1060 1 0 0 1 
249.704 -12.1685 918.549 560.859 -25.9052 -24.8218 4.74227 2112 9 1074 1 1 0 0 1 
108 -225.468 1183.14 198.336 -413.857 466.738 5.19305 2112 9 1076 1 1 0 0 1 
-44.4879 246.01 1182.39 -83.463 460.095 471.563 5.17558 2112 9 1077 1 1 0 0 1 
225.599 107.727 1143.08 474.633 228.154 449.606 4.96481 2212 9 1078 1 1 3.94051e-25 3.94051e-25 1 
-49.2517 245.101 877.163 -3.26407 15.9755 -5.50726 51.2453 2112 10 1002 1 1 0 0 1 
-101.978 -228.255 979.549 -8.42318 -18.6417 1.70254 41.8825 2112 10 1005 1003 1 0 0 1 
249.008 -22.2528 941.436 43.6176 -3.97399 -3.53061 21.0829 2112 10 1006 1 1 0 0 1 
-200.393 -149.475 948.851 -40.4307 -30.1184 -2.54885 18.84 2112 10 1007 1 1 0 0 1 
127.352 -215.131 809.739 23.0491 -39.234 -27.6357 20.4671 2112 10 1008 1 1 0 0 1 
249.416 -17.0759 902.553 72.8381 -5.10896 -17.2758 13.959 2112 10 1009 1 1 0 0 1 
225.041 108.888 850.685 80.9197 39.1529 -39.9916 11.9596 2112 10 1011 1 1 0 0 1 
