# tank_end_upstream
#x y z Px Py Pz t PDGid EventID TrackID ParentID Weight Edep VisibleEdep Ntracks
0.66724 -0.611159 795 0 0 8888.89 2.66652 2212 1 1 0 1 1.41363e-25 1.41363e-25 1 
170.584 79.649 800 51.6799 24.4031 -43.6153 13.4785 2112 1 1014 1 1 0 0 1 
-0.160938 0.00824126 795 0 0 8888.89 2.6666 2212 2 1 0 1 1.41363e-25 1.41363e-25 1 
14.711 30.496 800 5.2592 10.7938 -40.85 11.9383 2112 2 1012 1 1 0 0 1 
63.0059 134.457 800 19.6827 41.0076 -35.572 13.3314 2112 2 1014 1 1 0 0 1 
-30.1888 -131.93 800 -25.3452 -111.32 -97.4333 6.83178 2112 2 1040 1 1 0 0 1 
-33.9934 86.2644 800 -34.9256 89.0463 -119.167 6.14722 2112 2 1042 1 1 0 0 1 
-85.1021 91.7682 800 -82.5699 89.2113 -112.229 6.34465 2112 2 1045 1 1 0 0 1 
0.56439 77.7591 800 0.855835 92.6562 -137.559 5.742 2112 2 1046 1 1 0 0 1 
9.35015 6.89625 800 1.49852 1.24969 -18.5185 22.6224 2112 2 1052 1049 1 0 0 1 
-85.273 151.695 800 -116.256 207.204 -157.698 5.46874 2112 2 1056 1 1 0 0 1 
-232.886 -11.3578 800 -299.699 -14.6378 -148.764 5.65023 2212 2 1060 1 1 1.92093e-24 1.92093e-24 1 
-1.72557 41.403 800 -0.118843 2.34483 -6.643 3.45158 11 2 1091 1 1 1.54926e-25 1.54926e-25 1 
2.28936 0.738815 795 0 0 8888.89 2.66651 2212 3 1 0 1 1.41363e-25 1.41363e-25 1 
39.3994 -85.6759 800 33.2563 -77.2272 -86.7083 13.4437 1000020030 3 1014 1 1 1.92974e-22 1.92974e-22 1 
-199.427 -65.7226 800 -48.7647 -16.0678 -23.465 15.9969 2112 3 1021 1 1 0 0 1 
193.343 55.6795 800 59.9458 17.2373 -30.4565 13.0247 2112 3 1023 1 1 0 0 1 
100.679 -35.4811 800 60.1607 -22.1508 -59.3537 8.15644 2112 3 1026 1 1 0 0 1 
-145.025 -116.984 800 -76.304 -60.9775 -50.2753 9.10097 2112 3 1033 1 1 0 0 1 
140.132 -51.1917 800 97.5362 -36.7503 -68.6851 7.47689 2112 3 1036 1 1 0 0 1 
1.80557 -38.9296 800 0.580114 -6.15667 -15.9491 22.3356 2112 3 1040 1038 1 0 0 1 
-167.311 -1.26586 800 -21.571 -0.0098777 -12.7379 27.1842 2112 3 1041 1038 1 0 0 1 
-44.1137 -114.789 800 -39.2159 -97.6285 -82.0233 6.75489 2112 3 1044 1 1 0 0 1 
-76.5042 12.2495 800 -95.1004 13.8862 -117.147 5.63928 2112 3 1047 1 1 0 0 1 
8.84823 55.2143 800 7.77863 63.9258 -114.227 5.69255 2212 3 1049 1 1 4.97436e-24 4.97436e-24 1 
5.33555 -27.4319 800 5.68846 -52.6954 -181.537 4.71827 2112 3 1056 1 1 0 0 1 
-32.6107 2.17449 800 -89.5776 3.67185 -249.105 4.27763 2112 3 1061 1 1 0 0 1 
-145.695 15.8423 800 -348.257 35.5309 -228.421 4.46655 2112 3 1069 1 1 0 0 1 
167.126 58.3986 800 253.321 83.7957 -150.474 5.11347 2212 3 1071 1 1 2.01195e-24 2.01195e-24 1 
-0.284315 0.513416 795 0 0 8888.89 2.66641 2212 4 1 0 1 1.41363e-25 1.41363e-25 1 
-23.0646 -47.5293 800 -6.73723 -14.2366 -37.0919 13.7099 2112 4 1009 1 1 0 0 1 
23.079 -19.972 800 11.8259 -10.4142 -63.4718 9.3111 2112 4 1019 1 1 0 0 1 
121.856 -45.4753 800 50.2323 -18.9506 -51.5743 10.7485 2112 4 1020 1 1 0 0 1 
129.771 -56.777 800 124.71 -55.0221 -120.25 6.43285 2112 4 1044 1 1 0 0 1 
127.578 -59.1156 800 124.947 -58.3571 -122.545 6.37233 2112 4 1045 1 1 0 0 1 
28.5772 -66.3773 800 31.4585 -0.789938 -25.7148 1064.42 -11 4 1053 1052 1 2.71805e-25 2.71805e-25 1 
-102.205 -129.991 800 -296.847 -380.229 -364.98 4.38256 2212 4 1062 1 1 5.87402e-25 5.87402e-25 1 
-0.552332 -1.08241 795 0 0 8888.89 2.66645 2212 5 1 0 1 1.41363e-25 1.41363e-25 1 
93.4439 176.322 800 15.3185 33.367 -14.7434 22.3172 2112 5 1007 1004 1 0 0 1 
15.701 -10.8349 800 5.89908 -5.60111 -54.1486 10.1529 2112 5 1019 1015 1 0 0 1 
-226.807 -14.2015 800 -113.962 -7.86561 -59.8705 9.53362 2112 5 1024 1015 1 0 0 1 
31.9515 25.3686 800 27.7337 21.7126 -74.7229 6.89745 2112 5 1032 1030 1 0 0 1 
-10.8906 164.226 800 -12.2154 194.942 -108.977 5.72485 2112 5 1045 1037 1 0 0 1 
-127.52 33.0977 800 -38.2985 9.83154 -27.9782 13.5038 2112 5 1052 1050 1 0 0 1 
-214.372 -20.6519 800 -82.6072 -7.56051 -35.6661 11.1425 2112 5 1059 1 1 0 0 1 
101.057 101.659 800 64.9954 65.7191 -59.0517 7.9258 2112 5 1069 1 1 0 0 1 
-143.851 -13.1367 800 -93.8753 -7.89678 -60.4775 7.81084 2112 5 1070 1 1 0 0 1 
14.8314 -27.7239 800 23.517 -40.7265 -141.125 5.06863 2112 5 1086 1 1 0 0 1 
-137.759 -48.6939 800 -123.674 -42.9158 -83.2127 6.517 2112 5 1089 1 1 0 0 1 
83.4264 116.556 800 91.0848 127.593 -100.129 5.9386 2112 5 1097 1 1 0 0 1 
88.4201 163.578 800 83.3566 154.267 -86.4907 6.40985 2112 5 1098 1 1 0 0 1 
-112.611 -69.9664 800 -152.178 -93.5457 -125.369 5.36218 2112 5 1103 1 1 0 0 1 
124.197 128.801 800 172.765 180.952 -128.946 5.34745 2112 5 1107 1 1 0 0 1 
4.09995 153.983 800 3.75766 144.667 -85.6454 3.77531 -211 5 1115 1 1 3.68375e-25 3.68375e-25 1 
105.968 -90.3929 800 305.662 -256.279 -264.908 4.21876 2112 5 1116 1 1 0 0 1 
-1.10644 0.376919 795 0 0 8888.89 2.66654 2212 6 1 0 1 1.41363e-25 1.41363e-25 1 
104.964 -100.143 800 19.1118 -18.1122 -41.6565 20.8898 2112 6 1003 1 1 0 0 1 
-6.6678 111.921 800 -1.87696 38.1232 -79.1221 12.6635 2112 6 1006 1 1 0 0 1 
-48.8143 101.054 800 -37.0459 78.241 -179.925 7.57932 2112 6 1009 1 1 0 0 1 
-2.58969 -0.611294 795 0 0 8888.89 2.66648 2212 7 1 0 1 1.41363e-25 1.41363e-25 1 
-132.201 -57.7069 800 -218.867 -89.576 -167.919 6.60723 1000010020 7 1016 1 1 6.24846e-24 6.24846e-24 1 
-209.147 -103.282 800 -60.4719 -30.0236 -28.3736 13.7625 2112 7 1028 1026 1 0 0 1 
179.586 23.924 800 1.14954 -6.56339 -50.6193 31.5141 2112 7 1032 1 1 0 0 1 
-169.278 79.5774 800 -46.6242 22.4301 -27.1603 14.2356 2112 7 1035 1 1 0 0 1 
78.0896 -7.22451 800 24.9357 -2.10579 -30.54 13.0496 2112 7 1051 1049 1 0 0 1 
15.2764 -26.5267 800 25.6303 -37.1782 -139.32 5.21976 2112 7 1067 1 1 0 0 1 
-68.0042 -17.0371 800 -92.847 -23.3092 -137.82 5.25206 2112 7 1073 1 1 0 0 1 
-171.487 10.4251 800 -151.518 9.9033 -87.1103 6.56275 2112 7 1079 1 1 0 0 1 
-204.847 57.6657 800 -40.9962 11.4436 -20.2565 18.8686 2112 7 1085 1083 1 0 0 1 
-84.5359 34.5162 800 -127.591 51.6338 -158.918 5.02935 2112 7 1092 1 1 0 0 1 
-45.6186 -120.536 800 -59.9114 -166.964 -135.195 5.3226 2112 7 1096 1 1 0 0 1 
-141.092 8.89238 800 -184.911 12.6918 -129.638 5.42361 2112 7 1097 1 1 0 0 1 
9.26474 -12.474 800 37.6408 -37.6649 -308.385 4.04911 2112 7 1100 1 1 0 0 1 
7.31903 41.7177 800 -10.1828 5.46612 -15.5989 80.7834 2112 7 1103 1101 1 0 0 1 
-72.7931 -108.055 800 -57.033 -87.4686 -80.1784 6.87327 2112 7 1107 1101 1 0 0 1 
103.363 -24.011 800 232.051 -51.2432 -212.673 4.52014 2112 7 1108 1 1 0 0 1 
0.718942 -0.0127798 795 0 0 8888.89 2.66651 2212 8 1 0 1 1.41363e-25 1.41363e-25 1 
179.929 -52.2428 800 62.1414 -18.0079 -75.5432 12.5487 2112 8 1045 1 1 0 0 1 
186.436 -102.586 800 100.584 -55.2761 -118.012 9.31865 2112 8 1067 1 1 0 0 1 
-72.8699 -82.4854 800 -52.3408 -59.0738 -156.48 7.87972 2112 8 1076 1074 1 0 0 1 
-199.497 55.7396 800 -134.963 38.2194 -148.835 8.14511 2112 8 1089 1 1 0 0 1 
6.43483 39.5937 800 6.65298 40.2986 -222.383 6.59019 2112 8 1092 1 1 0 0 1 
-69.8217 46.9249 800 -7.50285 4.8588 -23.9917 32.4655 2112 8 1099 1095 1 0 0 1 
-174.62 -0.649926 800 -203.16 -0.676908 -254.809 6.26693 2112 8 1106 1 1 0 0 1 
0.379084 -0.704749 795 0 0 8888.89 2.66657 2212 9 1 0 1 1.41363e-25 1.41363e-25 1 
-19.2575 240.062 800 -4.20813 52.9767 -28.8374 17.3748 2112 9 1019 1017 1 0 0 1 
42.4403 -46.4955 800 21.358 -23.2135 -65.6116 9.32678 2112 9 1020 1 1 0 0 1 
-92.398 -52.8068 800 -39.6441 -23.0363 -50.5455 10.8193 2112 9 1027 1025 1 0 0 1 
-86.8015 -78.3898 800 -51.91 -46.3557 -77.2696 8.40638 2112 9 1031 1 1 0 0 1 
21.6847 -79.5404 800 16.7839 -61.7948 -101.503 7.1519 2112 9 1035 1 1 0 0 1 
102.577 5.33918 800 79.3828 4.64417 -100.538 7.19521 2112 9 1036 1 1 0 0 1 
-37.8408 -120.677 800 -36.0769 -113.915 -123.136 3.89491 -211 9 1056 1 1 2.57737e-25 2.57737e-25 1 
46.1655 -68.2932 800 4.91316 -7.39193 -13.4008 33.8595 2112 9 1067 1065 1 0 0 1 
79.2139 -42.3923 800 40.4707 -20.9813 -65.1395 9.38953 2112 9 1069 1060 1 0 0 1 
155.517 -83.7206 800 444.585 -237.573 -370.965 4.43206 2212 9 1075 1 1 5.72544e-25 5.72544e-25 1 
0.705252 0.661482 795 0 0 8888.89 2.66654 2212 10 1 0 1 1.41363e-25 1.41363e-25 1 
