# tank_end_downstream
#x y z Px Py Pz t PDGid EventID TrackID ParentID Weight Edep VisibleEdep Ntracks
-25.0354 -8.7799 1200 -122.198 -39.1935 1206.1 4.25338 2112 1 1015 1 1 0 0 1 
33.5836 -69.5137 1200 169.347 -358.928 1334.64 4.24181 2112 1 1016 1 1 0 0 1 
13.3648 -43.5864 1200 53.9215 -183.615 1097.99 4.03998 211 1 1017 1 1 1.41489e-25 1.41489e-25 1 
34.5009 -0.567981 1200 154.068 -2.19784 1154.23 4.03371 211 1 1019 1 1 1.41116e-25 1.41116e-25 1 
231.653 5.94044 1200 45.6521 1.17238 56.037 19.0315 2112 2 1021 1 1 0 0 1 
31.0145 -5.00618 1200 10.7814 -1.72733 98.4237 12.1815 2112 2 1028 1 1 0 0 1 
125.499 126.304 1200 49.4137 49.6744 111.896 11.1187 2112 2 1037 1 1 0 0 1 
61.9663 86.1112 1200 133.915 185.66 613.39 4.8427 2112 2 1069 1 1 0 0 1 
-188.579 -107.046 1200 -353.887 -199.543 532.748 5.1151 2212 2 1070 1 1 3.92135e-25 3.92135e-25 1 
-193.87 62.3723 1200 -25.7677 8.33727 36.712 26.6663 2112 2 1077 1074 1 0 0 1 
-226.669 -55.3925 1200 -38.9312 -9.4965 47.4248 21.3639 2112 2 1079 1074 1 0 0 1 
-52.5823 35.937 1200 -12.6764 8.78924 67.0057 16.0364 2112 2 1080 1074 1 0 0 1 
86.9532 104.054 1200 21.903 26.129 69.06 15.6604 2112 2 1081 1074 1 0 0 1 
141.709 -166.509 1200 67.8841 -79.4122 131.595 9.7797 2112 2 1085 1074 1 0 0 1 
54.4679 70.5053 1200 52.5718 67.6974 263.812 6.52593 2112 2 1086 1074 1 0 0 1 
127.457 -22.2938 1200 1273.74 -222.902 2841.21 4.11454 -211 2 1090 1 1 1.67858e-25 1.67858e-25 1 
155.908 -53.5566 1200 28.6383 -10.1232 56.4762 19.8593 2112 3 1022 1 1 0 0 1 
110.467 -143.643 1200 33.0438 -44.1059 92.5379 13.336 2112 3 1031 1 1 0 0 1 
-53.6548 189.164 1200 -18.8118 63.3529 101.856 12.4076 2112 3 1035 1 1 0 0 1 
-11.596 90.8279 1200 -8.00719 51.9307 174.632 8.54708 2112 3 1054 1 1 0 0 1 
181.216 -131.095 1200 148.01 -108.993 250.665 6.99222 2212 3 1067 1 1 1.19638e-24 1.19638e-24 1 
-52.8381 210.738 1200 -52.7169 200.849 289.853 4.34388 -211 3 1075 1 1 1.70825e-25 1.70825e-25 1 
63.2837 192.801 1200 58.6358 203.438 307.046 4.32559 211 3 1077 1076 1 1.68064e-25 1.68064e-25 1 
-18.0215 179.222 1200 -54.2233 476.363 808.16 4.66892 2212 3 1083 1 1 2.53675e-25 2.53675e-25 1 
59.4757 -171.412 1200 175.638 -513.758 905.05 4.58705 2212 3 1086 1085 1 2.30814e-25 2.30814e-25 1 
1.16458 -154.295 1200 -2.61362 -318.489 622.531 4.16637 -211 3 1088 1 1 1.51798e-25 1.51798e-25 1 
57.8455 -51.8576 1200 317.825 -300.591 1732.27 4.18603 2212 3 1089 1 1 1.53828e-25 1.53828e-25 1 
34.9378 181.981 1200 6.44966 33.2107 50.2791 20.2559 2112 4 1013 1 1 0 0 1 
-69.5875 -47.723 1200 -14.7537 -10.2884 58.4588 17.8567 2112 4 1015 1 1 0 0 1 
-135.398 40.1169 1200 -28.2834 8.27137 57.4819 18.1108 2112 4 1017 1 1 0 0 1 
-161.046 146.821 1200 -40.4808 36.8188 69.1454 15.605 2112 4 1021 1 1 0 0 1 
-123.514 113.977 1200 -36.9149 33.9629 82.2593 13.6208 2112 4 1024 1 1 0 0 1 
122.952 -101.535 1200 38.006 -31.4992 84.6834 13.3216 2112 4 1025 1 1 0 0 1 
-23.525 188.463 1200 -6.91892 55.9319 81.7557 13.6891 2112 4 1027 1 1 0 0 1 
-48.805 194.406 1200 -19.9739 79.7832 113.043 7.29196 130 4 1046 1 1 0 0 1 
-124.097 -100.235 1200 -81.452 -66.34 180.649 7.98427 2112 4 1047 1 1 0 0 1 
-181.215 -62.8611 1200 -1.87685 -0.0419022 30.7326 1064.38 -14 4 1055 1052 1 0 0 1 
-99.2435 -192.783 1200 -89.4523 -174.812 248.219 6.76238 2112 4 1058 1 1 0 0 1 
43.4467 -123.017 1200 91.1638 -257.696 571.399 4.91668 2212 4 1064 1 1 3.70557e-25 3.70557e-25 1 
144.834 -107.2 1200 307.828 -229.563 582.926 4.94038 2212 4 1066 1 1 3.55468e-25 3.55468e-25 1 
59.8337 5.15298 1200 158.658 12.0044 724.658 4.61708 2112 4 1067 1 1 0 0 1 
-25.2417 -204.82 1200 -63.8349 -525.468 702.402 4.78212 2112 4 1068 1 1 0 0 1 
157.154 100.347 1200 503.8 323.103 876.142 4.58279 2112 4 1070 1 1 0 0 1 
62.5834 130.004 1200 165.57 340.622 722.715 4.15288 211 4 1079 1 1 1.54062e-25 1.54062e-25 1 
-86.8002 67.4323 1200 -411.31 317.562 1305.55 4.09453 -211 4 1080 1 1 1.52574e-25 1.52574e-25 1 
83.8508 20.3509 1200 16.8112 3.87213 57.8095 18.35 2112 5 1018 1015 1 0 0 1 
-29.8001 -69.4567 1200 -2.70312 -6.01921 27.7573 37.6989 2112 5 1041 1039 1 0 0 1 
46.3811 132.641 1200 4.89456 13.9443 32.0924 33.0575 2112 5 1042 1037 1 0 0 1 
-155.261 166.501 1200 -30.7571 33.3166 61.1692 18.8093 2112 5 1054 1 1 0 0 1 
-83.9774 0.892712 1200 -37.2452 4.44637 132.984 10.3147 2112 5 1079 1 1 0 0 1 
18.122 -68.2416 1200 8.25847 -29.7002 136.068 10.1576 2112 5 1081 1 1 0 0 1 
-176.346 17.023 1200 -69.2203 7.12917 121.153 11.0399 2112 5 1082 1 1 0 0 1 
31.0994 113.094 1200 16.3504 58.9805 158.941 9.15875 2112 5 1095 1 1 0 0 1 
-160.303 120.164 1200 -230.357 174.836 443.672 5.4879 2112 5 1119 1 1 0 0 1 
142.693 123.246 1200 231.856 201.237 498.012 5.27389 2112 5 1120 1 1 0 0 1 
-20.9249 64.7716 1200 -43.3665 135.915 631.257 4.06883 -211 5 1124 1 1 1.38224e-25 1.38224e-25 1 
14.8476 -159.589 1200 40.8919 -420.039 815.151 4.1618 211 5 1127 1 1 1.54765e-25 1.54765e-25 1 
73.6978 -97.8573 1200 165.05 -216.693 371.742 5.04306 2112 6 1010 1 1 0 0 1 
-35.7613 -41.0295 1200 -143.991 -180.114 718.981 4.39569 2212 6 1011 1 1 2.85147e-25 2.85147e-25 1 
47.646 115.273 1200 311.89 733.163 1076.29 4.31377 2212 6 1012 1 1 2.10283e-25 2.10283e-25 1 
-151.394 -77.7116 1200 -20.9144 -10.2315 33.8348 26.348 2112 7 1019 1017 1 0 0 1 
15.1577 -236.778 1200 2.06393 -34.9573 36.949 24.4282 2112 7 1021 1017 1 0 0 1 
-5.31686 -30.3828 1200 -1.3488 -5.53913 49.9618 18.9604 2112 7 1022 1017 1 0 0 1 
-193.648 37.4679 1200 -29.8657 5.9528 47.3474 23.0951 2112 7 1034 1 1 0 0 1 
-71.0484 -169.18 1200 -21.858 -53.8191 96.7078 12.8959 2112 7 1048 1 1 0 0 1 
67.2012 -56.1134 1200 29.7951 -23.6944 129.317 10.4252 2112 7 1062 1 1 0 0 1 
46.2211 129.056 1200 28.0454 74.5086 174.044 8.5754 2112 7 1087 1 1 0 0 1 
119.75 -22.6671 1200 83.2551 -15.0078 206.132 7.74211 2112 7 1095 1 1 0 0 1 
-3.86738 -163.634 1200 -2.43063 -327.592 608.626 4.94328 2212 7 1121 1 1 3.41072e-25 3.41072e-25 1 
-238.634 27.9287 1200 -443.644 53.6457 569.288 5.11387 2112 7 1122 1 1 0 0 1 
8.7148 62.8162 1200 59.8445 335.859 1603.82 4.19948 2112 7 1124 1 1 0 0 1 
-44.7553 -71.0804 1200 -294.341 -492.589 2117.25 4.0579 -211 7 1125 1 1 1.5304e-25 1.5304e-25 1 
71.6103 -50.5709 1200 172.063 -119.633 433.812 6.0968 1000010020 8 1016 1 1 1.64746e-24 1.64746e-24 1 
-8.99121 92.5133 1200 -2.83551 29.6263 58.0687 13.2295 2112 8 1038 1033 1 0 0 1 
129.396 195.992 1200 8.5255 12.8211 12.4801 51.0062 2112 8 1052 1050 1 0 0 1 
58.0145 166.43 1200 23.9793 68.6856 74.7209 11.0615 2112 8 1053 1 1 0 0 1 
-64.6069 -51.0421 1200 -40.68 -32.1521 114.249 8.43036 2112 8 1061 1 1 0 0 1 
47.0266 37.8783 1200 41.3709 33.303 158.963 7.04492 2112 8 1069 1 1 0 0 1 
171.259 -96.1564 1200 29.1834 -16.1367 31.2568 21.6858 2112 8 1083 1079 1 0 0 1 
156.621 75.9791 1200 188.463 91.4423 217.796 6.1554 2112 8 1104 1 1 0 0 1 
182.402 34.0199 1200 216.641 40.4622 214.996 6.19604 2112 8 1105 1 1 0 0 1 
110.134 3.79128 1200 179.262 6.27603 294.518 5.47065 2112 8 1108 1 1 0 0 1 
36.9628 184.787 1200 59.465 296.484 290.508 5.55736 2112 8 1113 1 1 0 0 1 
-16.4326 60.7906 1200 -48.526 180.964 538.585 4.65044 2112 8 1116 1 1 0 0 1 
95.4924 -8.49043 1200 252.496 -22.5726 476.835 4.78531 2212 8 1117 1 1 4.67434e-25 4.67434e-25 1 
-124.363 51.9959 1200 -367.64 154.538 535.624 4.71551 2212 8 1121 1 1 3.90311e-25 3.90311e-25 1 
11.0188 98.9325 1200 60.5281 541.045 989.461 4.31377 2212 8 1124 1 1 2.14853e-25 2.14853e-25 1 
145.251 -29.7346 1200 1195 -243.877 1489.01 4.28656 2112 8 1126 1 1 0 0 1 
-106.918 -52.1452 1200 -8.92958 -4.29074 22.5302 40.7473 2112 9 1011 1 1 0 0 1 
-69.4753 212.773 1200 -10.9451 33.4985 42.444 23.1201 2112 9 1016 1 1 0 0 1 
-128.424 -4.54821 1200 -55.5492 -1.68412 116.732 10.4465 2112 9 1037 1 1 0 0 1 
-80.2882 123.368 1200 -140.226 215.905 470.778 5.19111 2112 9 1073 1 1 0 0 1 
-23.362 16.6787 1200 -93.9358 68.9073 1075.48 4.31976 2112 9 1080 1 1 0 0 1 
-174.571 15.538 1200 -590.402 54.9226 913.181 4.53758 2212 9 1081 1 1 2.30489e-25 2.30489e-25 1 
50.5226 57.9229 1200 270.42 315.093 1454.76 4.22224 2112 9 1082 1 1 0 0 1 
115.154 -46.7729 1200 484.214 -194.588 1138.47 4.18434 321 9 1083 1 1 1.53343e-25 1.53343e-25 1 
-13.9088 -54.3785 1200 -4.64006 -17.3263 75.4742 13.1615 2112 10 1010 1 1 0 0 1 
30.3277 81.7547 1200 289.066 795.477 2330.74 4.13014 2112 10 1012 1 1 0 0 1 
-103.609 -33.5413 1200 -1281.33 -417.32 2934.25 4.13697 2212 10 1013 1 1 1.49015e-25 1.49015e-25 1 
